8550
4534
9624
2075
7566
2204
4361
9528
9749
5033
834
7923
2141
3256
5793
5615
6624
8495
3536
9087
4659
8447
9778
3035
1701
9711
9044
6369
6245
8523
5836
2438
4391
4594
3582
1883
4300
417
373
6636
4530
9573
8280
7623
2152
4355
7727
4655
1154
5534
707
375
2260
680
6798
1844
2164
3313
7630
1779
6832
5299
4662
2644
2871
7404
9766
561
4431
5301
5952
5090
8694
6837
1076
9651
2752
1283
7056
7739
1985
9209
7447
4846
454
4426
9038
5477
4271
356
6399
1524
189
171
1559
7
3433
8223
4253
9103
1314
7428
4792
5741
4027
2379
1735
2687
7988
285
1070
3468
7824
6905
5573
1944
451
9257
5104
7960
4788
1882
4392
3937
736
6414
8837
2946
7141
8668
5312
5313
7770
5694
4657
9140
2869
8292
6510
6796
2396
5121
1633
3423
1887
4962
683
5863
7932
1253
5126
4981
5065
1966
5654
6250
9562
436
9742
4383
2744
6942
4005
1212
9765
5556
9059
8822
1357
7281
894
4597
5392
2554
9983
3733
1347
6409
6042
4066
7792
9426
8136
2902
5752
1887
8279
4711
179
5615
338
9052
7435
3412
4172
7002
2900
1877
2708
6880
8388
6553
7211
3647
2653
5279
2442
7975
3453
8237
1956
4003
3267
1386
1791
2764
5370
6155
9976
9851
6304
523
490
6653
2850
4109
7527
7006
1021
809
797
1628
5599
4731
9439
8326
891
3227
9299
280
1785
1894
7998
2883
9684
4163
9944
4074
8635
5784
5031
2692
9668
1282
8304
7202
1685
4196
3271
7371
1032
7347
3430
2087
6167
3926
7342
3793
6509
1757
678
6866
9371
2859
4053
6133
9380
3997
6735
4164
1149
8912
9530
7774
8301
1609
2342
1094
4521
1970
4278
5629
4339
6515
7254
79
1818
1203
8630
6384
9306
5360
5691
8357
3011
5570
7739
9708
8462
7711
6989
4769
1588
545
4846
8284
9019
2194
173
9802
3258
2120
3179
8429
4065
2961
6877
6379
2895
2921
5650
1620
6786
7222
7708
5901
9648
8075
5783
5231
8306
1148
2801
5276
3155
6305
2195
1402
9840
9407
8972
3068
6633
2608
7018
7108
4172
2678
1917
1183
3500
5703
5860
6790
4290
6267
2673
6387
2542
9065
3661
6940
779
3144
5655
4483
8945
1945
7192
7415
6644
7818
6760
5351
1766
9058
646
4329
816
9489
6301
8494
7992
5388
3708
2270
2951
6022
8797
7942
6193
1035
3595
5360
4704
9078
2881
5544
3516
2740
6157
6250
4520
157
6148
5714
9372
7482
2959
6185
116
1639
94
4898
6614
7064
5327
2162
2973
4823
8689
718
8952
5558
2868
3821
6603
186
4579
5042
6345
9381
1643
387
7312
6340
6309
3095
7842
591
7062
1639
1114
8093
2076
8099
1766
7332
9055
2323
6104
2804
2866
5034
8635
5082
879
2697
8486
3552
8884
9705
2152
958
5699
325
4757
6586
1238
6589
117
3381
5302
1460
4257
2959
5119
8183
8998
6399
9511
6805
3858
5308
2636
8658
8294
9952
7408
9478
1562
3640
3276
8105
1047
1240
7627
602
5263
7795
5769
4385
8471
1992
3611
6175
7870
3362
6483
4784
9740
7858
1241
3406
7058
893
7281
3420
6867
7987
3278
6240
2238
2724
8270
541
416
9960
3725
9281
8043
1490
6761
3757
1776
774
7588
7322
3824
9483
5052
6764
2693
3664
775
114
1303
5351
3240
1793
4777
734
8105
7915
3714
8819
1581
4531
654
1690
7127
4112
2868
228
321
8510
6057
1094
7383
71
4395
1258
9590
5506
6632
2035
9186
5080
24
2840
4319
4321
6792
4023
992
5927
3569
351
61
8771
6798
1604
7902
6919
8541
7371
382
4218
3090
7478
2857
4504
9635
7999
6614
3558
68
5949
4128
5644
4652
7397
7072
4514
9054
6534
5794
3482
1869
5075
9864
8439
6323
7674
8077
7563
6443
2756
7105
1132
6186
8441
231
4969
9966
4264
7966
2643
9646
5936
2086
7242
4557
8175
2475
6825
6891
7897
9749
7330
9247
3263
5522
1486
9479
360
9035
4595
900
3103
3047
1898
256
6398
747
610
7358
4407
1155
1474
6633
2
2224
9360
3843
5856
5011
4230
2107
6964
5453
9476
365
8116
387
3567
8536
2281
4796
5948
604
7488
440
7581
3320
7592
4281
2626
4408
6658
2565
2663
1406
8402
9839
6746
2914
7989
183
7582
8454
9613
6169
2905
5855
2559
9702
9414
6870
1037
2767
2125
3257
7587
6001
2692
4102
5413
5400
6878
8182
3538
2949
2469
8984
8923
5070
1804
7694
5738
7114
3129
9488
5769
6022
6053
8047
9253
9228
683
534
6445
6089
1825
3381
2751
4584
2668
1916
2783
1508
6890
7970
1735
3101
8766
2965
3835
8830
6009
3134
6756
9200
9117
4482
1552
6171
7012
6741
8610
6556
9528
9777
7429
2654
4445
7931
9264
5445
8375
522
3030
8408
3416
6939
6997
5034
9692
8784
6391
1601
9255
8628
518
3795
5521
9422
9375
9697
7369
7717
7320
7196
9522
5245
2208
4591
3606
6315
7884
3611
8438
6618
7291
4040
6223
75
2064
6491
3388
3945
1636
3412
5809
3874
2247
6537
9007
7950
3709
6813
2712
4979
8187
8915
2458
1734
6262
1012
629
2747
6266
6144
3752
7675
6850
5808
902
775
4930
86
6688
5962
2304
4648
1086
1072
2072
864
1495
8942
5921
7355
6684
2635
1806
8858
8184
5800
9037
5017
4907
8779
172
1684
5440
2199
6275
1916
7108
5467
6759
350
5956
8969
1150
7362
628
3736
6161
2490
3672
8436
3991
396
3910
6009
2995
9611
5787
3400
2640
1979
5538
1138
1849
2499
5191
4124
7373
7135
4234
8228
8402
8441
1988
6596
4498
7061
2614
3066
6861
6408
3989
3207
68
9464
4298
736
3815
7931
7680
1682
4006
2641
9544
536
2701
9274
4346
5251
5051
3405
7833
236
9414
1162
6011
4383
258
8960
2529
7388
1708
3360
5416
4822
4710
226
3388
6344
5824
4275
6664
3587
2322
6896
8879
6063
9032
7430
894
7468
7937
890
9367
2869
8477
3085
4238
2607
3324
1408
1667
6486
7072
9702
1537
6282
924
9612
8658
1433
1415
6278
8887
9384
3907
6222
1203
9442
3419
6537
2936
4241
3070
8479
6083
867
2269
559
153
6341
8674
2617
7202
993
1474
9686
3531
9684
2943
1107
4445
3457
2171
9568
559
1045
1571
6675
4394
5192
6266
866
5371
5323
4023
7156
4620
5754
482
6397
7883
4915
7253
6227
3498
2663
2643
4456
1838
6918
1202
8015
401
1094
2081
9197
7234
5082
8124
8713
9652
4869
4153
655
4567
163
7976
9353
2649
5182
7627
2587
2336
3927
647
5917
1127
984
1412
3832
4440
611
4407
6730
4348
4759
914
824
7058
8030
5425
1540
9601
6543
2467
8046
5913
6640
8239
531
5199
6178
826
7640
316
1034
6055
4890
4260
9900
4713
2917
6261
2872
4238
5797
7265
3289
1939
6716
4913
1393
3736
2950
215
8634
3226
7370
4910
5208
398
4988
132
7435
2084
4818
1259
2671
795
5073
3244
3218
6852
4431
5031
9461
35
2293
4270
1495
1961
8277
8919
2893
109
2271
3415
3958
1653
8815
1315
2120
3987
2891
1556
8456
674
5368
9229
5321
297
672
9937
8888
4768
6498
3910
1521
9977
3972
5842
4755
3020
4649
4133
9248
4313
7498
5392
6656
1788
7203
4924
4200
5001
6977
4021
1470
2316
6030
4940
6934
7350
1121
6570
4181
4545
2580
7498
2271
6675
3744
6375
8443
8347
413
9430
5633
3031
3881
5340
8210
210
7288
4603
2438
7333
2893
902
1118
4282
4613
5359
4895
7199
4483
6490
7256
5317
6722
3267
6972
7522
4544
5974
9026
3449
3050
7800
7130
7631
4294
2896
7618
682
4080
1079
1508
6238
3648
4531
884
9526
1512
7445
4926
1576
4349
9423
7622
5509
8641
9464
7691
9577
6205
511
7217
1453
5455
7136
6486
5555
8257
8921
498
968
4941
6231
8873
9507
4288
4002
2421
2758
5768
1251
1767
5979
7064
7143
9543
7007
1798
162
994
6602
3094
5679
8208
5954
4963
6153
3597
8941
7394
5099
5137
3387
1782
6002
3291
6265
1994
4794
8977
6455
5601
2586
1189
4894
4881
9158
1096
9085
8400
9793
6690
7008
595
2910
7878
6283
7347
2437
5125
786
9620
383
203
9227
9366
3657
5291
7268
2178
3856
6108
486
8545
6532
652
1821
3895
6038
5827
2233
6839
3578
5739
2903
567
6399
1582
4362
68
9542
6918
1157
7290
3221
9288
5153
5868
1189
9446
591
7720
4349
6725
2770
7641
1966
9885
5824
7805
774
4834
5353
5151
4570
6520
8874
3310
7251
2624
4072
9861
9872
5572
758
4280
5492
1014
8907
7765
4621
5318
8170
6220
2555
6109
3239
6000
8331
9608
7280
5935
8589
3012
3463
4175
1996
6381
1013
3288
7163
538
1070
8800
445
1427
8832
2466
2163
4274
98
1490
6098
9936
8614
6045
6041
1879
4474
2058
8105
9605
7374
1034
6491
317
5597
5146
4958
4518
9618
9893
3011
7168
2454
3858
4861
9895
6975
5932
1272
3049
4738
7108
2415
561
1883
372
8223
291
6346
9749
877
7719
1840
527
7831
8196
2606
2880
7358
723
6480
9025
4467
7963
2503
4834
4435
2332
8827
7718
4553
2583
7468
1185
3225
5541
223
3063
6986
3245
8799
3276
8048
9246
1163
3643
8240
1447
5694
5651
3309
4150
5246
6502
689
7230
8695
7844
7660
1748
8980
3171
2806
8072
271
2776
4753
361
8882
4144
1336
9816
8244
1705
8051
4791
9259
1656
3464
513
6545
4604
6929
2869
2330
4912
5038
1218
8707
6234
7365
4084
1774
2387
95
866
577
6878
4010
9033
393
1630
3652
6971
5012
6431
9585
1926
2748
8995
9588
4176
4653
176
8048
9925
5338
7693
8686
323
2643
1379
9315
820
8250
3616
3061
3863
6410
2816
6449
2713
5761
6666
7252
4817
5708
8051
2819
2363
9663
506
5918
2951
8991
2915
8740
2362
4977
8879
4596
6367
1157
3027
8060
7658
5258
96
6013
9697
1618
3323
678
9641
5227
2478
7926
4709
5768
9805
433
7014
4972
7954
3803
2223
3109
1625
2125
919
7891
1259
1726
471
4220
4192
637
3636
9617
1675
7118
7016
5894
1837
6724
8616
4309
7714
2365
6013
5551
4878
6685
1186
1669
9510
7450
2924
2344
8402
2956
3289
3181
1808
7486
6022
2989
1407
9223
4509
5378
4224
815
3740
7566
3237
8213
2194
2678
7726
2350
3498
4110
9794
6879
2678
3819
4619
8169
6271
952
9526
6067
7604
2695
965
2778
9912
3348
4092
4335
1982
8965
8974
5304
839
1375
5535
3132
8571
8527
5058
8484
8878
4266
8218
7002
6477
6400
3332
5840
5321
7814
7411
7582
4684
3610
6882
1870
8459
7208
7201
4682
9197
1316
5763
283
7835
6239
6574
5445
3918
5648
4611
5585
2686
1903
3998
8079
82
2464
4572
2823
63
2342
5719
1936
9332
3819
2603
971
1793
49
2147
9464
1678
836
4584
9844
9322
1548
9094
8851
3262
5142
9389
2087
2609
4638
6623
1184
6370
2871
3673
1008
1473
5587
8538
5455
9551
6617
9324
971
509
1056
7994
4488
6237
7214
5279
7676
5350
8649
8850
7836
7798
2578
6475
2541
3287
7794
1887
4253
4295
6212
8325
1414
5078
1582
1709
6983
804
4638
1255
9187
7105
4199
2308
6626
4120
2258
1018
4697
7682
9610
5831
779
3957
646
4423
5417
7606
9028
2282
7345
466
3709
264
4796
1736
9687
4452
9373
3195
8886
1829
9715
4466
376
4714
5104
1515
9189
441
6771
412
1754
2580
1548
5261
863
3573
233
3493
8110
2168
5528
9153
8206
1084
7224
21
4337
1078
7689
2712
9811
2851
7422
6742
7582
9938
778
8425
1686
1442
57
7166
1690
1383
664
1706
4412
2238
2212
2665
2649
1821
601
3815
462
5979
4399
9542
4239
7077
5368
4161
2584
6097
5619
2469
4921
1822
7168
2651
1845
9488
701
6366
9005
5697
2836
887
450
102
9506
830
272
9435
9240
6563
7466
3656
2505
8791
859
2118
3531
9917
9419
3739
7432
2844
1883
1824
3139
6999
9220
7577
660
1794
4733
5356
3035
8185
787
8567
182
7241
9447
3199
9579
1209
754
5472
9047
4167
9493
6388
3637
2025
6901
5829
9803
8626
4028
5582
4537
4824
6544
6696
5039
1564
7618
7487
9260
1589
5466
1357
5425
734
921
3992
9559
3428
6465
1714
1466
2652
3174
7117
6391
5463
1718
6061
9312
3478
3590
99
2405
8470
4876
4378
8447
557
8908
9231
8859
7883
4436
6521
3556
3167
6970
1271
8597
7232
2791
2171
1023
1083
5538
3515
2827
4033
1107
9244
5060
3127
7240
6709
6261
6572
9671
9114
6928
4998
2163
3869
4436
6311
5541
81
7138
8117
6631
4315
562
4503
43
8115
3296
2874
1336
2460
905
3397
7714
1281
7132
439
793
3869
7138
8131
5798
8477
2244
456
6108
2935
7265
1344
8949
2371
7423
4287
8471
2861
506
661
2775
9426
33
1146
1270
3593
1764
8992
4015
4226
7350
718
5555
4979
6849
4017
3430
9922
7017
2243
3926
5326
8896
7326
2842
1382
9898
4198
3963
8511
4645
695
8478
2715
5205
2444
9886
8655
6365
3818
2586
3308
5137
8778
2257
9494
9955
767
7756
4977
5923
7976
8746
7923
8027
4316
1158
7162
1695
238
1857
1560
6697
3014
2527
5097
9774
8702
9880
9463
9804
5950
8315
1726
2448
3992
4392
9260
3514
1591
4681
9151
7890
8426
1863
8390
8093
6705
9872
1886
9717
600
6389
8545
7954
6049
6487
644
4291
3762
6419
9503
6435
6379
748
5128
8029
4088
8123
7509
739
9971
5783
5733
10000
3836
6342
2408
5211
6865
2155
3282
7827
9099
2272
2406
1622
4129
391
6341
9380
8791
9770
4551
3352
6647
8909
4733
9278
1705
534
9653
6362
2619
206
4291
261
4990
8095
4504
1259
9764
3943
4740
9225
8342
7600
5606
9807
1746
35
6734
2248
1710
5582
3712
6059
3716
1164
33
2394
6668
4169
7562
2397
1863
9592
4790
4927
4006
2351
4841
4526
5598
4407
7996
9783
3998
72
1106
2274
7915
4526
3799
648
2800
4183
8388
4288
1283
7776
8294
5006
9865
30
4816
5127
2299
5336
4584
6731
5976
348
9153
2748
689
7689
7043
570
2329
5757
2156
7941
2423
8795
2298
9895
6812
9443
321
5562
8108
9319
5538
2607
7301
319
5534
7256
347
5188
525
1587
8928
2886
7244
5401
8647
4730
1693
2080
3927
4733
2484
4825
1074
2337
266
4466
3430
1575
8548
7255
6262
7502
1440
5968
5132
2537
1644
1307
2769
8551
971
4383
2457
3240
4722
5942
2287
6207
9761
2582
3917
4000
9180
4486
9085
7104
1998
6119
5293
1160
6712
96
3807
9477
922
1652
5342
6690
5692
9353
6276
7617
7327
9399
8938
6813
6465
6487
969
908
8366
7487
4206
5560
2267
803
5203
5345
5702
8158
7329
185
921
6775
1838
491
3557
674
245
632
6389
2928
5660
3170
4223
6251
5919
3176
7072
4995
9526
8303
3993
3799
2043
9995
1286
2994
9037
1856
1537
2057
7284
3486
5233
7861
8054
6677
4437
7095
6886
1692
2109
8893
2724
2845
3268
1451
30
6252
6304
1522
7896
3770
1102
9195
1539
8730
2334
7763
3225
6243
3512
7395
2049
698
4739
8347
1009
9638
6259
6161
1795
582
460
3282
2630
8970
5456
6884
4725
6519
9916
4602
171
5316
3014
4778
2346
492
1734
3989
1748
3257
4157
5456
971
3951
9668
856
9025
5233
7812
9530
8009
2915
8248
6032
9244
5737
9466
2487
2726
1260
8350
6599
2691
941
1250
601
8964
8402
8629
4315
7549
5060
8156
3335
7372
359
3285
1907
9938
6895
7525
5031
6389
8219
6847
7378
6773
7270
606
2511
5040
9921
5899
1304
4124
7867
530
2724
3356
5601
1879
9120
989
8905
9418
7329
4514
9351
3300
8154
6268
6837
3334
4778
6681
9834
8128
9895
5184
5231
6865
2698
1928
4016
5447
8876
8605
7828
9697
4605
2558
7327
5354
7857
7176
3563
9993
7256
5407
5337
239
1718
9937
1874
1072
7385
324
3420
8929
2727
7192
7208
1402
5118
4982
8651
7356
3710
5431
2952
7559
6136
1413
4465
99
5401
2760
2005
4492
1548
2030
8513
3552
6778
1466
2030
2370
1514
5036
3337
8164
3829
1014
1006
1614
326
1680
3494
8620
3008
9252
8508
2827
7576
8198
4974
8923
5597
2934
9969
4021
4188
477
1871
5462
741
1243
8465
4637
4070
7082
2515
4553
3208
4760
9641
6558
9689
8774
2243
307
1614
5705
7606
6711
5606
2406
6654
4217
1356
1166
5918
9078
9906
6035
8014
6207
4465
3073
1285
6887
5105
8338
5467
3027
9749
9641
9878
1727
9741
4523
8172
1423
857
7446
1926
4465
9199
1138
7002
6022
8072
2422
283
438
3013
9593
1159
3627
4626
2009
5998
8905
2853
7011
1161
572
4490
8403
4004
197
7157
1340
4668
4059
2037
7306
6699
479
9134
8463
9654
3654
7488
5466
9683
6025
5684
8973
2111
2489
9198
3162
7089
7343
7918
4435
6730
7485
2580
9030
3536
5735
5579
5262
5666
9833
8032
1587
6875
8476
1683
1295
4472
7928
3546
71
3495
1216
1664
5448
9423
1842
2302
7900
4197
668
7172
9651
1769
2434
7299
4797
9143
9091
1503
1510
7187
5081
6494
4611
2076
7751
8522
372
2185
199
1910
5944
9305
6962
8981
3287
8187
6211
8017
597
7181
2001
3515
8891
3790
1802
3422
2416
9196
4530
1721
4266
3149
1073
3729
1413
3198
9258
8942
5736
265
6672
860
6952
1145
7465
1138
1959
8408
1123
1279
2431
33
5167
6899
6216
7070
2611
5079
3563
7875
1830
7861
5376
9784
4683
5289
4551
1683
2290
5754
6618
6496
5493
8013
818
8122
283
23
2452
3513
8113
9679
8245
1321
6306
5407
3259
5011
8230
5094
3749
9089
749
2184
9842
6802
7071
7056
3186
9306
8281
2157
6468
2929
8449
2810
9249
1041
8730
9156
9679
4833
2734
5709
9404
5530
4802
8661
870
722
1918
7309
7937
5468
4940
1097
7613
4178
665
8774
9359
1938
9801
5211
4020
6280
2807
1856
6522
9195
9167
2236
7155
9636
3818
5826
2881
8921
4867
8951
5095
6964
5572
678
9644
6888
5539
6743
7214
5050
7947
2853
1857
2164
1296
1759
5070
7158
8545
5677
8490
5289
2742
8487
1570
9890
771
9044
1322
2648
9374
6341
8301
2399
5943
2526
42
223
2136
8216
1201
6455
8642
8675
8501
1321
3461
1880
8350
5604
215
404
3686
2181
3051
5314
8211
1155
1289
8079
3290
3605
5100
8321
3633
6892
9815
4967
5096
4067
1973
3529
4188
1468
6844
9011
3298
2071
4224
9296
6643
9969
3581
5734
2312
2631
8326
2774
9527
1748
4313
4693
8264
1743
8536
4889
5284
1874
2997
9779
5641
4588
3970
7966
453
905
6648
8755
6033
9967
269
3157
1611
6177
7192
1503
5385
7299
8894
7586
6258
8994
6108
7752
6071
4000
6311
1884
6472
6970
9015
7662
5411
5945
4188
5562
8735
1221
8797
4518
7561
1067
991
4249
6993
2108
4593
458
3578
2655
9554
7343
3472
7698
3578
1105
4185
554
1844
6622
1201
7288
7760
6596
5924
2012
9289
7337
1192
5779
4433
5391
2975
1413
838
1628
1302
8245
4988
3296
8378
9830
1850
4249
1639
6155
853
3354
3510
2816
7758
863
928
2650
5673
8949
4523
9570
5999
2197
8729
3617
7054
8532
8933
2843
3743
4993
4431
5765
139
3782
3504
2233
6734
2933
1286
1767
9629
8460
4928
7312
4494
2136
2570
3859
3905
2423
605
7088
8192
6354
6174
9640
5026
8272
6399
7101
580
4912
8934
8146
8836
1855
5571
8676
6974
2257
3060
7485
8935
4265
2774
6342
3134
2069
4113
6698
6203
73
4209
3500
9800
8539
3916
6311
8222
4200
1133
8053
9458
7669
2737
8791
6307
4583
5732
5843
4729
5886
1747
3047
2468
203
3605
7560
7187
3963
355
1250
5988
5279
6072
3232
6336
3414
3865
8237
6084
2844
2020
6095
4185
3124
6843
9758
1061
9436
283
6764
1444
8088
134
336
101
9651
9341
5711
5128
8607
7803
6610
3770
4478
3181
1197
8894
2335
8173
9511
8452
2594
3042
5874
7870
9852
4383
8833
611
361
7292
6339
641
2334
7152
4671
9079
8176
3777
7036
6888
6251
5961
6723
8741
2528
5911
1369
647
4821
1616
1171
6902
5122
8290
8781
6799
4827
6911
8424
3708
6170
7860
2550
3994
9707
3687
6143
5726
8229
7014
4895
3374
2499
5756
990
2157
1120
493
3733
4693
9414
7950
8521
3111
392
5735
8355
7632
392
3487
5763
8011
1191
7405
5157
8755
5282
3468
1003
8489
7731
8906
6169
3190
5599
9401
91
482
4221
2567
2375
357
2544
7554
9049
4126
2204
407
6361
1261
7502
5137
7498
4161
3060
5017
3173
2965
7866
4184
8611
973
4271
6155
7141
2343
7060
5847
2546
1654
8636
6334
1680
3241
4315
8878
7166
3555
8302
1545
6260
9042
5534
4285
6042
9500
1337
3347
9949
2179
2447
6286
6496
5884
9896
2344
1959
2810
3418
3329
7396
1238
3245
7282
6228
8106
2569
2291
9759
1462
3101
5450
3742
9050
3014
9382
6340
6183
6830
9871
3983
1291
7092
8625
2118
8330
5627
1284
769
9888
9931
9087
4490
7911
2398
5600
370
273
412
9303
5851
8159
7397
7254
5540
1299
7401
9119
1766
8827
4568
8794
8482
9211
937
5430
4166
3276
1955
12
936
9587
5135
6073
3428
2568
4254
8110
4641
5847
9974
3798
3391
8500
1789
3737
4584
7391
5348
3142
1161
217
3674
2195
5819
3744
6857
4123
4054
6604
1807
7102
7050
8796
7740
41
6289
3635
6664
9981
621
128
7858
1145
1772
8983
1493
2090
7984
7800
8975
7208
9681
5973
2886
7333
787
3915
13
2123
7654
8851
942
8469
4938
6500
6281
7008
4612
5200
7400
8340
6386
4871
2824
6963
8048
9830
2164
3745
2856
5657
5564
8454
1532
4084
8691
1615
4041
1583
5245
2085
5400
5909
2626
3552
4934
6735
8262
6582
7878
8194
9530
4539
125
3294
7612
133
2855
1535
3214
8839
3530
3217
1577
5538
1430
4650
2563
2834
5081
1438
3468
4811
3779
7201
5308
4462
5353
8525
3682
8945
4306
6012
1915
7187
1011
5123
4596
1155
6345
6351
2998
4338
37
6711
8247
9875
905
3910
3748
8963
1136
6276
6842
1341
6022
2348
4587
66
3883
3637
1013
3799
1642
4409
6211
9621
2607
5430
2735
8249
6668
5875
2678
6025
218
4466
7980
4554
9212
4659
4170
6120
7838
2577
7317
5457
8046
6618
6028
8102
4729
7115
8581
1380
8930
1445
2644
8276
4424
6923
5839
1029
1392
9753
2696
1285
7343
9314
2035
670
3372
9122
5651
8764
3212
8355
5690
8192
8030
3785
4861
1074
9600
8625
3000
934
6205
2654
8966
7099
1422
1618
4830
9147
4274
6301
8716
7512
2524
8405
1911
9610
8228
3373
5842
8087
1949
8938
9381
8819
1040
7931
4167
7708
6220
3077
8787
4792
3644
2817
3039
4617
6209
1149
8113
9821
4281
719
9869
215
8831
9093
3800
6370
6911
8147
8587
6989
4969
6717
6753
4932
705
9839
5524
9084
82
3843
5003
6989
5213
9759
7385
2399
8122
3921
4888
9150
2719
2900
7573
9165
3662
5892
3078
5966
6988
4844
248
476
7009
98
7790
7811
830
4256
8924
9605
7831
654
3062
7450
2741
5702
1574
9325
1709
5018
3014
4727
4095
150
4779
9823
9912
2578
6649
7421
6105
8950
5775
2506
8192
4632
7126
4825
3056
4651
2170
4460
3070
7363
1733
6375
4897
2079
4964
2009
8551
2955
1807
1531
5996
8856
5642
2605
4968
610
3771
1341
8973
15
9532
9817
3480
6157
2467
3690
2689
7905
5703
9895
7396
7385
9379
7059
1308
8566
5399
7489
6453
5212
7383
2634
4653
5119
4561
172
4076
1460
3607
8852
822
9297
4157
3108
1927
3345
846
351
18
5721
8759
9413
6879
8644
722
3782
1144
3695
3565
2869
7561
7316
3660
6224
9801
5920
672
7586
8736
4633
1559
1909
1738
4577
4484
9085
9291
3925
3276
5175
2973
7509
8080
8582
3797
4458
8318
1079
2662
8755
27
4626
5349
9073
8890
8046
2980
5428
5980
6681
6353
7925
8499
9509
8878
3242
9620
7935
7254
5121
4227
5976
6563
59
3671
493
9080
753
903
2399
3989
8451
7422
8761
3156
6366
8955
2881
6451
4959
2834
5323
9810
1808
7980
4035
5430
5232
148
4719
9926
3008
9351
4670
2724
5542
7198
4270
8278
8416
5498
5414
3096
3623
2464
4137
2676
8321
8023
1046
4245
7877
1342
8897
8194
4970
9799
3
6906
7516
753
5206
9837
2909
9030
9370
9513
5262
7937
177
8261
2655
4429
2322
240
7485
7556
9553
8872
4397
6834
1608
7866
5872
602
1810
5092
6326
2099
1066
9741
3791
5505
8117
6743
4426
5788
1034
4183
7933
6120
9261
4087
8468
9391
6704
5248
5041
6551
9004
6694
517
5731
2167
8531
805
8654
8091
5078
1859
7999
1122
6252
7151
7736
859
9676
3430
7543
9201
2912
9125
1189
7339
9428
460
2636
8134
9816
5568
9829
3265
8169
6219
6678
7376
7315
9051
2757
4787
1117
5156
2443
2680
8127
4104
7632
5760
8686
2496
3219
4704
2490
9026
5705
4483
8098
9052
8943
536
7474
6407
3878
6530
7564
2066
6478
6555
395
3659
5839
3967
2491
1026
1526
1980
7132
8895
6168
1810
8277
2477
6099
5375
2068
2668
1813
8436
5688
8601
9991
7874
8439
1849
9680
3374
9765
4562
1480
9379
5995
7888
271
255
7533
9506
9034
771
1798
2045
8617
1548
6129
8457
1534
4805
5324
4473
6687
5278
2764
9304
6704
6962
1062
437
3985
9104
4100
7002
4238
4213
4862
814
5766
6804
800
6831
8686
2716
7680
8722
396
3739
9504
5004
4034
9884
1959
7480
7266
8082
1948
2546
1877
7789
8192
3595
45
5184
9290
8244
9376
1781
2340
4549
1726
3352
9284
1696
9114
3456
3797
5212
2286
1078
2990
7336
5939
9344
8046
9319
3235
9923
7449
4743
9700
1203
123
6385
8018
7494
5531
4457
8251
3529
2615
6143
6503
7857
8298
9721
9263
9339
8495
2516
3139
7846
1370
4182
5316
4011
9734
8971
4409
1287
4479
3548
1055
5659
8808
4368
4759
815
3598
3235
7335
2622
4894
8589
7723
6497
6584
9907
2131
4059
4522
6004
7283
3352
9981
6397
9664
9192
5521
3586
5107
5291
861
5326
5049
2849
1710
682
8557
2098
2043
4467
3790
6636
1280
8456
8960
5135
8813
2159
7198
2477
7946
192
5381
9023
6126
8573
5293
774
1071
2775
790
616
9763
1958
7117
1706
5360
3167
7728
1480
4918
5598
3203
9513
9283
1221
48
4464
2716
1458
2259
888
8962
7817
3405
6317
1904
46
7180
9138
2480
5842
5478
3267
2314
4217
7926
2056
7181
3375
5077
5226
6990
9867
8443
8101
224
5874
8491
1461
865
3324
4213
3898
2575
9168
4613
172
5575
2556
4202
8380
3892
3643
7077
9126
322
7218
6286
9771
8969
9810
5957
2175
5821
8648
7508
1924
3174
5019
5882
6619
5283
5318
4029
4856
3049
690
9986
2208
3617
95
5733
9192
8329
6454
7992
3185
9318
7511
976
3214
5242
3469
1294
4459
2379
4123
4269
6693
624
6067
7680
812
1678
1997
645
600
3514
7227
3506
8551
3317
5071
6093
2203
7374
9303
4594
5317
7492
8576
7137
3454
10000
1069
9312
5674
1599
539
1543
8058
3811
8070
9485
7039
513
1694
8919
6573
1613
6342
6094
6553
9570
5823
2744
9757
2510
4608
5034
2616
7946
4099
102
5586
9549
4873
857
8993
5341
3917
3117
4516
3270
7982
1644
6561
8726
2312
1802
1592
2550
2055
9431
8102
5766
6928
8783
6991
2913
2297
8806
2
9519
9269
1
50
8549
1370
1145
7224
3427
3261
2424
9915
6355
1538
1963
7653
7397
6002
5461
4500
9947
9703
4768
9006
450
9237
4569
497
5098
4402
3504
6611
5158
4988
103
6834
3539
4808
1076
4038
1392
6436
9071
680
2913
5712
9500
4984
16
6443
1159
8212
5925
7858
8272
9081
6207
1255
5508
1621
1614
1084
3297
3125
7141
5577
4852
9509
1368
3954
9449
7933
5685
9359
7481
522
5389
8772
6425
1912
7630
6025
2585
8233
3208
8149
2469
1786
455
3799
5392
7830
1792
5344
9301
8195
3532
2172
5772
2824
5938
8267
6421
9145
1149
8390
5753
5418
6927
3411
7815
462
7101
9235
115
377
621
1612
2066
8356
5385
9424
8581
5009
6178
9147
5668
4398
3670
1400
692
5593
2508
8698
2638
9371
8147
3148
6068
5130
479
9829
9610
8424
196
8159
6138
6652
4375
2308
2884
5399
9079
2389
4836
1794
2225
8450
1426
3701
8115
8524
9134
1059
2632
8854
9527
6597
1221
2704
2346
2115
8537
8717
642
98
7483
8335
977
5572
4682
4310
5723
276
7063
7036
8531
7273
7522
9723
5853
2435
5579
6531
543
6573
4646
8734
2329
5726
9
7425
1679
7670
2992
2414
6028
9404
4057
8648
5795
4318
257
5385
2841
4443
565
3549
2067
2447
9199
4659
6903
1162
4179
174
7365
8909
5537
8968
3244
4855
7066
1274
3067
15
2176
8210
9852
1026
8077
744
6919
147
3613
9281
3694
7871
122
8191
8487
9660
6126
6389
1019
6552
2210
3960
389
4574
2781
7610
1290
6507
2740
6970
2734
3640
7858
5080
6836
8460
257
4630
308
3532
2923
9958
2268
4937
8751
9963
7959
584
5402
6287
6650
1198
3133
5841
8224
7366
8395
3506
2304
9408
5816
4572
767
5804
2149
1678
7333
5611
5482
6545
7083
5020
6839
9973
1579
9678
9149
5093
6231
3538
1290
5931
1869
7512
8989
7929
9886
1604
760
8529
8635
8895
5945
4799
4930
6313
5563
6745
8523
6351
2696
6175
181
9688
4660
1237
5222
1691
9290
5160
1916
7643
2176
8504
2720
2058
5918
1140
7796
2983
9416
983
1185
811
8115
7166
4234
8855
8445
7930
9905
2212
7718
2732
6034
7490
7039
8961
5792
912
4326
6605
5230
8701
4208
7379
1787
7201
7005
2418
3608
5017
4442
7115
1434
8932
9514
3956
9617
2189
4372
7577
33
2880
5239
7497
9672
4233
3666
2
8966
5569
9989
5631
5188
3873
1804
9857
7686
5604
5641
3282
6344
363
9
8151
5413
152
9299
6341
1304
6691
1895
6496
35
5365
9726
92
4650
1638
4408
3464
1595
4400
6340
4352
2368
4833
3224
7294
6433
6783
2774
8534
7901
6182
1684
5940
1077
533
8264
8392
5781
9391
1806
1509
4293
7678
813
936
9377
6136
7742
3404
7819
9498
3822
1842
7310
7694
3972
2201
8623
328
8812
7088
9415
5201
6939
6204
2244
3983
8884
5943
7263
3255
5731
47
1040
7471
794
815
7795
938
1089
5603
5887
4746
6522
7340
6545
5627
7283
447
9852
2247
6592
9310
7331
1668
2165
6315
6172
529
7373
5989
2448
3342
3424
3574
1158
3375
4607
8431
1429
4146
8122
6079
5415
6478
2477
7446
1185
2340
3942
1660
8495
5943
4306
5203
8268
4787
8433
7647
2278
1579
4257
6402
4993
820
1367
8691
7908
2941
3485
1700
5720
957
2227
3544
4398
4531
5051
739
6274
4300
6756
9342
6805
872
7237
6575
9290
7901
9226
5046
7504
1786
1771
8768
5268
2690
6026
5303
6772
1259
9562
9132
9339
949
4560
5074
1266
8611
3994
9275
149
1159
4946
1898
8084
161
2853
3873
2719
7944
2600
3753
7056
1958
6839
7234
3138
7196
5850
3000
8965
4185
7593
4847
1915
9785
4331
9611
6287
2902
6988
6816
9241
6127
3070
4634
2216
3782
8730
3181
2246
5477
6530
9967
8453
6462
7352
4690
4186
9018
451
1359
5850
8744
2904
1099
4380
5007
2307
5636
4934
169
1113
4258
8379
214
452
110
8088
6053
3093
7021
9886
3828
9930
3244
2800
1925
9025
471
505
287
1874
30
882
4345
9509
9516
5471
3759
665
2082
1856
6780
1650
1486
2673
2156
7980
8277
1717
5222
8619
3004
9076
1512
1851
6612
4548
5153
7617
4041
2422
5737
9271
5466
7862
7494
7402
3449
4450
8096
1644
2479
4250
9983
842
8513
8290
7325
5355
2639
4131
8549
7909
9825
4218
6620
8904
9161
500
5171
2291
9333
4940
5020
3903
6163
6102
4303
5685
8658
4724
5782
537
4555
5652
5790
7027
2019
3796
5367
439
6270
7769
6801
3913
1205
3777
9781
7317
2732
2547
7776
4378
7256
1938
8481
7763
4877
682
8985
5912
3728
4390
2039
29
2508
5514
4062
8222
683
4875
2363
5320
5146
4729
424
4595
2762
3195
5263
3902
1532
6169
1597
5357
5806
4517
6201
9176
4980
3973
9622
941
7303
3803
1830
6735
6237
6420
9442
8430
6655
3283
4577
8892
326
188
7983
8339
315
3887
1492
3202
7661
107
219
1956
7026
125
3485
692
2550
4779
5212
8929
1603
9686
5916
5017
5372
5412
8798
7075
5694
2190
8243
2136
5442
7755
7966
7233
6164
522
6986
5601
3827
9357
2377
18
4782
2815
2275
7664
430
5954
6230
2983
6914
2459
4536
2169
7525
5944
4824
2750
7826
6789
1841
2549
2130
3477
4185
4412
8820
8727
7784
3780
4
4086
151
7039
8487
295
8345
3901
6942
730
367
9144
4623
2664
4006
9665
5876
3349
4571
2340
9383
8782
8509
4182
9433
793
3212
8336
2640
5517
3393
6519
3174
2370
8983
4166
6945
5653
6659
7738
6894
9164
7942
6848
3557
1815
476
6997
1920
4198
5663
8559
5919
4785
9496
4833
7039
5995
1968
6707
6964
4059
2205
830
664
3833
8199
3247
9641
1893
6800
209
7951
9954
1253
8634
6499
6031
4933
9054
794
126
2112
6994
3694
4587
6180
184
1873
4486
2100
5222
2055
7219
9571
7318
696
7235
1109
3665
6161
8248
998
9493
7667
3849
9327
8949
6677
5628
9896
2049
7461
2848
2701
1231
9723
1087
580
559
4318
3609
3221
5875
2076
2922
7254
8173
4490
3378
8104
3828
694
9565
3664
1428
1877
1100
4171
7520
1662
3118
8907
7598
9361
2795
9660
5466
3912
8304
6268
2979
4583
3237
3773
4275
4780
2687
9521
7352
6386
7379
3658
7086
3010
3119
1168
1995
2233
8223
5519
8262
8282
3401
9383
8754
4084
5575
123
5597
9078
9371
3418
8769
6467
2297
3279
136
8273
9607
7453
6137
414
1537
777
9575
1829
3090
5050
3929
3381
5866
2468
9596
9862
5511
9797
944
3091
5477
7306
6700
417
6274
7528
9211
261
7338
3720
5992
3473
6249
440
1910
6319
7005
6171
8064
5293
5568
8595
5805
3784
6829
6543
7981
2203
4132
577
3
7982
4996
1182
4539
1714
1748
2028
3805
7143
4129
5282
4848
6376
457
6983
473
4276
7553
395
1186
9190
841
9858
1354
7759
1718
1901
4053
697
6145
2765
7741
4956
2164
9086
4504
6963
2661
3306
1694
535
3682
7889
5915
4711
897
5949
3090
2590
9553
8044
1057
2936
4332
9248
8371
8843
465
6627
6888
9163
1064
8226
7740
4354
1041
2282
5674
1610
3023
1990
6122
6531
8072
5144
3114
9926
4707
2643
6805
4251
10000
3444
7599
6327
3532
1824
7970
3303
9594
396
1434
4792
6082
2030
3984
9735
6188
8367
7076
4733
5553
6330
1051
4821
5457
8782
2998
2646
2077
852
3820
620
6471
5526
9887
5431
8139
504
4170
2484
3184
490
6736
509
3086
3697
8528
758
7175
7378
9753
2563
9903
1701
1791
4007
6532
3401
6540
834
1903
8507
9954
6489
5291
4206
3862
364
6569
1004
4750
202
5944
2687
9353
5106
9231
5526
7572
4346
4629
8189
424
3086
6264
956
7961
5414
2648
3226
2884
6428
4664
7566
2106
7580
27
2262
9815
6486
2531
6789
2313
6092
8185
6932
8373
857
7256
2030
7565
9960
180
7074
6160
554
5848
3521
3449
6097
4489
7138
6549
489
3067
4228
1487
1544
4568
2269
3185
5025
4522
643
2212
5057
9040
1016
3259
7141
2383
7595
9718
3146
3196
140
7860
6642
7097
7329
310
7049
1847
1056
7766
6172
3157
365
4924
5733
2035
9890
6098
838
4386
4609
2124
2688
3357
3792
504
4519
3656
8048
6089
3838
9400
2590
1768
5370
1993
1849
3085
6871
8806
4519
8694
1081
6211
5156
7553
7135
5001
6202
2189
1119
7087
3575
5955
3674
2274
9139
876
8114
5500
7471
1099
7678
691
1503
116
3507
2308
3288
209
6287
6352
2110
7700
343
5518
3129
9655
7570
44
4338
4072
4770
8576
7163
9541
6739
4955
7525
8738
1312
9546
2851
782
4938
5174
3998
484
9737
1650
8216
6114
1656
3374
6542
4462
8857
833
6888
827
7243
5963
7818
2137
7653
2641
6930
4859
5432
5319
9140
2557
8226
8256
4104
7498
7910
4409
1219
2756
394
655
3607
4375
6679
9177
61
4025
6998
4233
7786
3513
4111
6417
3780
6103
1443
4551
3885
8929
2499
7844
819
4392
2683
9186
9864
9612
1896
214
2164
2035
5065
4708
2729
6625
5315
4370
7062
6431
4734
1386
9179
8951
8627
4643
4808
9714
6202
3492
6407
2314
7622
5035
4363
4869
9733
1553
5479
633
3874
8494
7194
2357
9945
4111
490
8767
4077
9506
6060
9876
7960
4544
9378
1320
1388
9116
7004
762
7176
919
404
2087
9953
6593
8586
8559
7602
3074
7207
3979
4982
3544
6395
1245
2554
380
7116
9974
7620
7709
7421
6213
3986
414
6004
1568
9896
5550
6885
881
3346
8100
7097
4161
44
8030
8061
3514
7173
7384
6091
4488
9996
1932
9203
7241
384
6340
890
304
8777
3088
7903
9019
9902
6041
5261
8231
3005
7206
891
9778
6653
7575
9001
6632
8909
6137
1287
3950
9345
480
5306
5824
5645
1549
7815
9493
3448
2788
2940
1647
8667
646
1308
6391
3660
803
4496
5532
5046
9757
6902
3408
5995
3818
4199
6452
9671
7174
7670
3443
787
8479
6493
4733
8677
5546
8414
1575
4048
8449
6330
1294
9041
4233
7351
1432
1389
1048
2751
8622
7810
8834
7012
4586
5291
3492
3755
7378
8448
2749
2659
1426
7839
1773
1319
2917
8271
4513
348
9251
2637
5969
9586
6866
9057
9306
7339
3319
8769
2285
4633
5649
6924
3494
2989
8122
3259
6635
1716
3791
2097
4311
6811
2977
8061
4062
1926
1394
7989
1099
4574
10
1481
6597
8948
340
7863
8891
7142
1818
4656
6168
1319
830
7937
2926
1628
9739
4942
323
458
8514
56
3947
7162
1504
4597
4807
1139
324
4259
8493
6657
8478
4953
7928
3001
355
4977
4700
9047
1924
9919
1360
6695
6298
9827
4869
3980
8478
1755
9533
6160
6424
323
6823
6998
9145
822
8027
1120
270
4341
9290
9464
6594
5843
6121
3102
2141
8689
6505
9518
9340
348
5148
7856
3589
7193
8464
2059
8293
5746
5465
333
1660
1443
5769
4414
972
9951
7242
2898
1211
6300
4507
5850
1766
4421
4100
4244
2551
2039
4384
9425
4624
9662
5657
4313
5068
644
5424
5307
8763
8882
8452
2762
8469
1713
5704
8289
9639
1989
6165
3623
3261
1988
6763
1459
130
6573
160
8614
1923
6400
4290
8265
7307
9369
4888
1378
8336
9583
2557
5648
3089
2957
419
1160
9446
3252
858
6820
6730
3360
531
5184
5584
7031
3294
7524
2417
4930
6276
5836
3279
6582
2090
2018
347
9009
9067
1996
507
1345
6233
5679
4321
473
9652
9616
9238
3158
8653
1049
6768
7322
257
4481
562
6752
4416
8621
6844
8931
2351
2450
7735
8210
8458
1953
9291
4995
7940
5461
410
5679
8381
4713
3949
4913
7694
9945
7580
931
4275
9282
1263
3494
8128
5429
1840
3926
1697
4408
6812
9313
455
4780
4027
6338
6385
4150
6046
1226
3854
2910
1988
9833
984
1869
425
1808
7452
855
3994
820
4370
2437
6639
5442
7732
1208
2549
8961
6165
8212
7676
2048
8850
4754
1460
9162
2836
5261
4922
2457
7137
5132
4229
4453
9011
5742
9332
3300
3766
3939
3610
4606
5930
6958
6555
5198
1939
8071
8551
8245
4706
8623
1814
9825
7398
6811
4046
2793
8997
7161
1671
486
4062
9673
9137
4931
8200
320
1693
6237
4660
1966
6365
4675
3209
542
9150
8148
5617
4759
1886
6362
3600
4653
5458
7274
3264
6347
6435
4797
3440
1539
7548
7508
4854
8831
7846
9068
6979
2475
3674
4226
5701
8452
1657
74
8840
7742
6771
150
3139
4487
2845
8125
4195
9907
3896
7710
4563
2914
972
5698
6646
8890
9716
8725
330
7140
5227
9737
1564
4837
2488
6065
7116
3617
1944
2081
6169
4266
162
8483
2358
4060
2363
4148
5198
8003
5575
2017
7343
9918
6063
4643
9190
4467
2634
2102
2356
1592
5114
3338
5249
3966
9865
1962
2294
3460
6443
2282
1538
1405
9724
9434
3721
333
1507
953
5128
9681
5498
4961
436
3050
3167
1892
6552
8882
6476
2072
9956
6641
1746
6597
9751
7649
2156
3235
8415
6522
4079
1555
532
1503
3392
7868
8829
5295
736
4446
3363
110
3298
4415
8201
81
1323
3292
6072
3402
5948
3123
4588
1911
815
6576
5848
1807
4056
1571
5836
1159
6525
886
255
2750
8323
1835
1406
5334
9777
2561
6515
122
2377
3236
1943
4007
2802
8639
8263
1127
8707
3872
9692
6665
4111
5415
3792
6225
9300
4764
2733
5278
8098
1205
4187
6310
2631
6152
5957
9618
2126
1781
7183
6046
2578
647
5754
3756
7169
4375
312
4374
3635
2775
8847
5575
4191
8690
1082
4817
5270
1418
4508
681
1043
6509
7084
8395
3608
7612
1134
8089
7061
4426
2933
7939
6934
5628
2421
558
5059
1991
5796
3477
9944
7285
6581
2360
3928
3023
926
1236
401
4384
69
7379
5341
9822
5520
6205
4234
9437
3808
6566
5443
864
1544
687
2991
1054
4506
5773
3504
1060
4483
5027
3443
2467
4207
6692
3882
4329
4480
8659
5890
3467
1570
3235
3352
3501
8818
229
8799
2496
6031
9247
1394
7799
4538
9579
6603
3792
5102
3377
3634
1873
986
2155
205
2134
3608
6706
7802
4833
3485
1924
7945
7185
4753
5959
5955
5772
9969
8780
9812
5311
4185
8220
9724
7462
635
3704
645
4417
2150
3547
3564
6757
7207
1337
4011
4963
8564
3998
5636
3469
3902
7183
4706
4921
5804
3981
7934
9962
9847
8237
5077
235
8661
697
1194
4701
4671
8938
7027
1964
3366
4036
6658
2607
6497
2609
2042
3183
4493
6623
4728
6735
4924
4716
4264
8345
732
4470
5855
3559
2987
4041
2806
2031
2328
9606
4200
1432
4448
9687
1688
5574
2580
4840
3286
5979
6254
5207
4677
5632
162
7829
1694
7116
5695
1401
1155
8822
593
3333
9645
7466
9021
8192
9859
768
9860
4209
6441
1098
4177
6362
5113
1896
6893
3136
5310
8398
266
1325
210
6145
5077
8269
4892
9142
5050
2356
4657
7534
6891
6543
7171
8578
7859
1718
3725
5692
9660
9396
9648
9662
3593
4640
258
3350
906
455
4459
4008
306
8629
5024
3738
2687
5496
568
2925
1480
4599
1897
4300
2148
6571
591
7462
7083
7433
6334
9542
6121
9610
7953
9738
2535
3546
2060
37
2902
7351
2136
4232
7418
680
493
2879
7621
3332
5912
4664
9061
7436
8369
4735
9107
4676
5304
5900
6023
2780
5749
5744
3677
9426
6541
3092
42
1287
597
8904
2780
3108
8936
6508
682
4788
3901
8538
9279
1723
5912
6699
4290
5312
4759
2357
3048
8754
9298
4422
198
5960
2094
8148
7387
6100
155
1015
2722
4952
6727
7096
5472
8135
5797
7306
4718
2277
7412
5158
8290
2824
6067
4399
5207
889
3169
3145
6101
8177
1589
7872
7204
5357
8273
7006
4477
8271
5954
7548
5677
523
5045
4013
8123
5568
8422
5499
3151
6118
9836
6596
2776
107
6303
6372
7909
7604
2726
1010
2881
2213
2460
4681
2620
7947
2373
7467
4391
7839
9309
1376
5335
5739
9319
9871
488
6762
1477
7921
3966
4239
8776
7827
3882
3323
7875
2084
9230
8606
8474
4732
7306
599
7504
341
1645
4657
6356
9103
5783
8769
7754
3756
1057
9220
470
8335
4324
6023
4558
3137
1382
2454
7860
4149
8049
8204
9303
356
2127
4019
1669
2703
6106
6780
7545
3013
7308
2230
1483
9469
5602
846
3508
6177
4338
8488
8315
3669
1347
6029
6292
5675
5675
540
524
2761
4959
8706
2513
8663
5707
1900
4552
8099
1714
5489
4139
371
7097
1751
5798
5463
3416
2495
4793
68
3288
1720
1945
9384
9463
5371
6510
1968
9141
113
1821
4332
1321
9970
609
4581
3429
3209
9433
4165
3516
3406
6829
855
2722
5342
7351
6450
2777
1939
597
1180
9476
2762
746
2648
6693
4766
8215
9478
210
7154
8517
3306
8759
1135
1575
3729
1144
8406
5010
1793
5588
4559
4162
3957
6174
6523
1664
2140
9751
8558
1777
2933
9144
8040
1491
6964
7925
5084
1153
912
3574
9524
6472
6657
2480
2819
7388
8241
846
7199
1239
9823
7822
3115
8858
2636
4646
3560
1634
3952
8118
1469
2512
3628
8170
1326
9272
6449
301
3969
675
5880
9930
5488
4004
6122
2970
5290
1150
5915
8030
6037
7302
1582
6979
92
3076
6
5122
8087
4647
1143
7110
5224
6285
1237
593
4819
7666
4588
8756
4108
9678
8009
3305
631
4988
1591
1132
1871
8190
183
5445
1867
1103
6928
8131
1224
1376
2004
9902
1879
1062
910
5273
8671
6448
6883
2934
4950
3420
540
7413
4578
7329
6943
843
8655
8886
6327
3606
1926
8056
5360
7317
2930
758
7700
4039
7932
7185
7846
5611
2729
9613
9614
9069
6814
4532
3514
3363
4487
802
7833
2309
8183
6581
1285
7841
5843
4158
6226
6679
9522
4548
1583
7368
6158
6146
4501
3285
423
3871
858
7599
4796
9905
9362
7761
3605
356
7137
4567
6466
7661
770
877
9958
6130
7009
5656
2671
9235
6081
6846
9207
7114
3095
4679
9840
4216
7738
189
9140
8935
1045
7527
399
9049
263
2479
4536
2645
8913
2596
3533
1365
4021
7807
5029
810
9100
1269
8891
295
6101
5893
6796
2854
9730
5017
11
5466
2107
1896
2289
1687
9171
7317
7396
777
9251
4603
3648
5503
3564
3318
2047
6370
4537
5434
4195
594
6383
1528
1923
6562
5514
5121
8810
9117
530
2405
9911
5204
3171
9422
5951
8399
5218
2094
4578
6602
2483
9299
9776
8893
1995
4146
8518
1330
4039
2650
6243
6622
2098
3368
555
2271
6897
6936
8634
1565
9680
2658
7893
3758
4334
8888
7465
6595
8876
3385
4659
4769
9959
9132
7933
9921
2135
1905
5349
5415
1181
1231
8841
1634
1746
1234
8731
180
114
2977
6540
6776
3764
3092
3549
340
8140
4704
4850
6759
5760
3968
6642
1828
4233
2906
2622
9644
566
7478
2076
8356
5617
8369
1048
9581
8819
2235
4959
7391
389
4289
7232
3662
8061
6701
707
6135
181
2099
4829
3415
4118
9065
7456
7157
2295
6896
9629
2673
671
5470
5741
2505
1521
7721
1102
8593
5338
7827
4198
5169
9133
678
7063
9796
926
9604
2311
1615
913
6736
5225
1477
5000
8300
2102
4051
1083
2777
7401
2520
4184
3973
2450
8117
5874
5398
2059
4744
5063
3332
8585
7911
1887
8953
7642
2191
5826
9897
1019
1510
4746
3941
1527
3861
5522
6920
5719
4499
8282
3745
4267
7289
6844
8457
6999
9396
4492
3899
7705
4763
3192
7444
5134
4699
5564
5742
4433
3553
7478
6485
7066
3600
7435
4246
7666
7133
9696
6571
7818
5224
1792
2652
3537
8943
1893
8423
9514
3112
1404
861
3869
1977
8182
7597
8135
2382
8993
5716
8344
1083
5794
4843
5024
450
1302
8033
6893
1075
3576
4525
8702
204
4231
7231
6295
1459
7695
7822
1547
3889
2382
5080
7801
1270
9383
6100
7659
3845
3318
3001
4381
8149
2601
2845
2844
6760
3306
5466
669
1344
7267
8883
2224
4646
2522
9468
4983
7097
7612
7653
9598
3498
1790
1327
3755
4285
9523
2954
8784
9349
1702
1128
271
8092
2123
2950
5675
7240
327
2985
68
5580
6845
3126
1903
3375
1430
5901
7126
6879
9983
4017
2355
812
3270
5905
3635
9945
2072
425
8559
5353
9083
6899
3050
8452
9323
4098
3371
8796
8952
3124
7402
6523
528
572
1960
6669
9724
3830
8690
6026
8215
8189
9224
9575
5729
9740
9627
4346
7171
9705
3063
5045
5355
4297
4510
232
8900
8307
7673
6870
4468
5109
5141
9342
1290
6095
9082
3703
6317
766
7952
7022
8585
9402
3267
1187
8881
5048
5122
8465
785
6310
8593
4169
4493
1551
7940
5078
9425
71
1640
3538
3663
2782
2284
3437
2507
3168
8491
5358
2685
8464
6023
6381
9591
4450
5723
3875
2037
7513
7065
7451
10
2911
6705
7349
2055
8161
8991
2744
8480
7601
6964
3067
4862
6311
7001
1428
6822
1019
6270
3955
7092
4448
3897
3237
3527
2488
7756
1297
7270
7766
5258
876
3068
3127
9568
6100
9387
9017
9855
8397
3809
598
6014
5904
4368
1125
9479
2745
690
5213
1835
1449
1711
661
7783
6898
615
9601
2800
2160
9834
382
9369
3130
8924
7609
1225
2993
2032
3840
2057
6470
1605
6736
8572
4077
6175
4972
3677
2567
1341
1889
5844
6198
6636
2647
9483
5018
3372
1394
8889
7662
3198
6736
4284
570
6550
1085
8435
1438
3672
6617
2435
8704
8403
7034
1679
620
4693
8064
5936
9183
4515
9520
2544
1031
667
8046
2412
8188
5968
7644
4593
269
5097
4410
7322
743
1117
2225
7988
4200
4926
3738
6683
6165
3186
4508
4098
5846
4234
2379
1133
7784
8637
5280
6062
1514
6507
8895
3449
1964
3030
5015
5805
1589
6602
5068
8588
6517
838
7794
7237
4915
5025
6734
5660
4669
7185
9966
7098
1238
2309
2702
7177
6376
1648
7924
2645
7557
3073
9970
1168
8619
8925
9411
9962
3791
48
2596
1653
4828
1128
8207
5474
7920
7096
9294
1573
1214
9374
4726
4296
9966
4813
3081
7196
2678
9275
4662
6323
2195
9630
8995
7392
9513
558
2522
1602
7160
3829
6382
7046
480
6836
7050
9054
4023
7371
5697
992
6131
856
6054
8043
4605
5085
2976
677
2130
1095
6305
8661
4504
3383
1762
3428
1559
7302
7395
4772
5478
9632
1757
5021
9922
1538
9743
5546
2240
1260
1516
8673
8774
3395
2899
7906
3729
4229
4474
191
2941
7029
4939
8786
5820
7536
2998
3080
2054
1715
2476
8126
3630
309
484
627
9070
1163
78
2658
5881
4279
7013
9226
1708
8794
4147
3215
2631
742
8971
6393
2349
792
8979
3098
5492
4044
9554
3686
4736
1573
1727
1722
6776
7927
6871
8903
4241
2560
796
6364
3712
1536
4287
9270
1235
5659
6172
8249
1427
9842
1458
5324
8480
9220
8656
4760
4796
8323
1381
7379
3430
5568
8541
2767
8664
5640
3878
519
8111
3111
1070
7906
6783
891
3684
2810
5075
8329
8724
6279
4227
124
6309
8223
2079
3748
3855
4394
1369
3365
2271
4542
6931
2053
4240
1918
8391
3165
4977
4560
8082
6152
6274
4675
9064
2207
8804
2421
6071
6605
5840
8616
6665
7495
4224
1361
5784
3258
9667
5206
7044
418
5420
2761
5703
431
4208
5709
3936
2594
583
409
4382
470
495
8575
7179
9696
8618
4550
2141
9281
6599
5626
9363
3682
2121
8412
562
7015
4356
4462
913
8565
7625
6418
489
6329